Current Airfoil Data
50000
0.0
-3.141592653589793	-2.1246139798136823e-11	0.049493234759516974
-3.0829495907227837	0.20925920395336897	0.047653403838959676
-3.0243065278557744	0.4185184069130379	0.05651775893585977
-2.9656634649887645	0.4085764353549257	0.07520138610784316
-2.907020402121755	0.3834830052907397	0.10281937141253525
-2.848377339254746	0.3845739213229377	0.13848680090756185
-2.7897342763877364	0.3943902862906928	0.18131876065054878
-2.731091213520727	0.40778264970719313	0.23043033669912155
-2.672448150653717	0.42267892275413077	0.28493661511090657
-2.613805087786708	0.43700701661319713	0.34395268194352857
-2.5551620249196985	0.4486948424660842	0.40659362325461357
-2.496518962052689	0.4560150876865329	0.4719745251017875
-2.4378758991856793	0.4586195444164807	0.5392104735426764
-2.37923283631867	0.4565047809899147	0.6074165546349051
-2.3205897734516605	0.4496673657408215	0.6757078544360998
-2.261946710584651	0.4381038670031878	0.7431994590038862
-2.2033036477176418	0.4218108531110006	0.8090064543958897
-2.144660584850632	0.40078489239824633	0.8722439266697372
-2.0860175219836226	0.3750225531989122	0.932026961883053
-2.027374459116613	0.34452040384698485	0.987470646093463
-1.9687313962496036	0.3092750126764509	1.0376900653585936
-1.9100883333825942	0.26956097655033334	1.0819132963100757
-1.8514452705155848	0.22676500644779876	1.1198203778755635
-1.7928022076485752	0.18255184187704948	1.1512043395567162
-1.7341591447815659	0.13782700382451948	1.1758582108551934
-1.6755160819145563	0.09045913918956648	1.1935750212726544
-1.6168730190475469	0.038015510786159036	1.2041478003107595
-1.5582299561805373	-0.020105280826218874	1.2073695774711675
-1.499586893313528	-0.08404680065170332	1.2030333822555384
-1.4409438304465185	-0.15310515113202136	1.1909322441655312
-1.382300767579509	-0.22318658445926154	1.170859192702806
-1.3236577047124995	-0.29010524105769614	1.142766486337708
-1.26501464184549	-0.35269666452997567	1.1072432994153245
-1.2063715789784806	-0.41055174927334387	1.0650380352494295
-1.147728516111471	-0.4632613896850455	1.016899097153797
-1.0890854532444616	-0.5104164801623247	0.9635748884421997
-1.0304423903774522	-0.5516079151024257	0.9058138124284123
-0.9717993275104426	-0.5864265889025928	0.8443642724262073
-0.9131562646434332	-0.6144633959600705	0.7799746717493591
-0.8545132017764238	-0.6353092306721031	0.7133934137116409
-0.7958701389094143	-0.6485549874359346	0.6453689016268261
-0.7372270760424048	-0.65404363809673	0.5766997007713043
-0.6785840131753953	-0.6526264642913358	0.5083850242719264
-0.6199409503083858	-0.6454068251045192	0.44147424721815964
-0.5612978874413763	-0.633488079621047	0.37701674469947033
-0.5026548245743669	-0.6179735869256866	0.3160618918053257
-0.4440117617073574	-0.5986364043845454	0.2596536001489694
-0.38536869884034797	-0.5699283824890945	0.20881392743875568
-0.3267256359733385	-0.5577160648421168	0.16455946790681533
-0.268082573106329	-0.5452542809479022	0.13195015651598208
-0.20943951023931953	-0.17927655887429927	0.1322192911518989
-0.20507618710933373	-0.18858287112988792	0.13417249357228683
-0.2007128639793479	-0.2842069756614393	0.1359805166473474
-0.19634954084936207	-0.2463293786731021	0.13717623049407318
-0.19198621771937624	-0.26357089254695953	0.1372925052294567
-0.1876228945893904	-0.26028852036188993	0.13586221097049048
-0.1832595714594046	-0.2566634015681696	0.1325702091203557
-0.17889624832941878	-0.2727423423679357	0.12770932622698786
-0.17453292519943295	-0.25921604192264236	0.12172438012451138
-0.17016960206944712	-0.4048531144589339	0.11506018864705035
-0.16580627893946132	-0.3746485051358782	0.1081615696287292
-0.16144295580947549	-0.4500335271937855	0.10140491674171827
-0.15707963267948966	-0.5254990672299366	0.09489292701037316
-0.15271630954950383	-0.5567802316892051	0.08865987329709572
-0.148352986419518	-0.5780489620305944	0.08274002846428768
-0.1439896632895322	-0.6017209927765925	0.07716766537435096
-0.13962634015954636	-0.6303667568291933	0.07197705688968725
-0.13526301702956053	-0.6560471666019734	0.06720247587269837
-0.1308996938995747	-0.6681957543864057	0.06287819518578618
-0.1265363707695889	-0.6596799231911005	0.05903848769135246
-0.12217304763960307	-0.6371025588932157	0.055717626251799
-0.11780972450961724	-0.6090222050860946	0.05293592977459631
-0.11344640137963141	-0.5780845533592738	0.05065790134748981
-0.1090830782496456	-0.5454570823013376	0.0488340901032936
-0.10471975511965977	-0.5123072705008704	0.047415045174821716
-0.10035643198967395	-0.47980259654645685	0.046351315694888325
-0.09599310885968812	-0.44893861385639755	0.04559345079630747
-0.0916297857297023	-0.42002317516786064	0.04509199961189331
-0.08726646259971647	-0.39319220804772986	0.04479751127445988
-0.08290313946973066	-0.3685816400628898	0.0446605349168213
-0.07853981633974483	-0.3463273987802245	0.04463161967179169
-0.074176493209759	-0.3264890649182935	0.0446694650526194
-0.06981317007977318	-0.30882083180235725	0.044765372094290067
-0.06544984694978735	-0.29300054590935143	0.04491879221222356
-0.061086523819801536	-0.278706053716212	0.04512917682183977
-0.056723200689815706	-0.2656152016998744	0.04539597733855856
-0.05235987755982988	-0.2534058363372747	0.04571864517779988
-0.04799655442984406	-0.24175580410534858	0.04609663175498357
-0.04363323129985824	-0.2303429514810317	0.04652938848552952
-0.039269908169872414	-0.21884512494125982	0.04701636678485765
-0.03490658503988659	-0.20694017096296882	0.04755701806838783
-0.030543261909900768	-0.1943878321801671	0.048150793751539946
-0.02617993877991494	-0.1812754358551546	0.0487971452497339
-0.02181661564992912	-0.16777220540730378	0.04949552397838958
-0.017453292519943295	-0.15404736425598733	0.05024538135292688
-0.01308996938995747	-0.1402701358205778	0.05104616878876566
-0.008726646259971648	-0.12660974352044785	0.051897337701325846
-0.004363323129985824	-0.11323541077496994	0.05279833950602729
0.0	-0.1003163610035168	0.05374862561828993
0.004363323129985824	-0.08802181762546096	0.054747647453533624
0.008726646259971648	-0.07652100406017504	0.055794856427178255
0.01308996938995747	-0.0647892496479946	0.056889703954643725
0.017453292519943295	-0.0470263074131071	0.05803164145134992
0.02181661564992912	-0.011495301268993353	0.05922012033271676
0.02617993877991494	0.0035729909591396686	0.060454592014164095
0.030543261909900768	-0.13441915435396926	0.06173450791111182
0.03490658503988659	-0.10967531097937662	0.06305931943897981
0.039269908169872414	-0.08708518906467867	0.06442847801318802
0.04363323129985824	-0.0532662527874225	0.06584143504915627
0.04799655442984406	-0.012884578980127084	0.06729764196230449
0.05235987755982988	0.025010855792050972	0.06879655016805253
0.056723200689815706	0.05862053213120046	0.07033761108182032
0.061086523819801536	0.08843067088015232	0.07192027611902772
0.06544984694978735	0.11549892794192279	0.07354399669509462
0.06981317007977318	0.14088295921952848	0.07520822422544093
0.074176493209759	0.1656404206159856	0.07691241012548658
0.07853981633974483	0.1905580130160763	0.07865600581065138
0.08290313946973066	0.21533861723164427	0.08043846269635525
0.08726646259971647	0.23941415905629876	0.08225923219801809
0.0916297857297023	0.26221656428364937	0.08411776573105977
0.09599310885968812	0.2831777587073051	0.08601351471090019
0.10035643198967395	0.3019714717912178	0.08794593055295921
0.10471975511965977	0.3192386476807072	0.0899144646726568
0.1090830782496456	0.33586203419143545	0.0919185684854128
0.11344640137963141	0.35237395719281456	0.09395769340664706
0.11780972450961724	0.3679050547692555	0.09603129085177953
0.12217304763960307	0.38211519480839234	0.09813881223623007
0.1265363707695889	0.3981828521957522	0.10027970897541857
0.1308996938995747	0.42016615356633497	0.10245343248476495
0.13526301702956053	0.4458271209072934	0.10465943417968904
0.13962634015954636	0.4576692464715692	0.10689716547561079
0.1439896632895322	0.4672323791977575	0.10916607778795007
0.148352986419518	0.47849788050074155	0.11146562253212675
0.15271630954950383	0.4910760177001821	0.11379525112356075
0.15707963267948966	0.5045770581157393	0.11615441497767193
0.16144295580947549	0.5186112690670734	0.1185425655098802
0.16580627893946132	0.5327889178738445	0.12095915413560546
0.17016960206944712	0.5467202718557135	0.12340363227026752
0.17453292519943295	0.5600155983323403	0.1258754513292864
0.17889624832941878	0.5722851646233854	0.12837406272808188
0.1832595714594046	0.583139238048509	0.13089891788207395
0.1876228945893904	0.6004223681960492	0.13344946820668235
0.19198621771937624	0.6302678827849111	0.1360251651173271
0.19634954084936207	0.6174878763855108	0.1386254600294281
0.2007128639793479	0.6555284809488839	0.14124980435840512
0.20507618710933373	0.6385829570927258	0.14389764951967818
0.20943951023931953	0.675462150494243	0.14656844692866702
0.21380283336930536	0.6606441054657688	0.14926164800079172
0.2181661564992912	0.6955513719485814	0.15197670415147194
0.22252947962927702	0.6806061632897842	0.15471306679612784
0.22689280275926282	0.7197064140073001	0.1574701873501791
0.23125612588924865	0.7006431862086127	0.16024751722904568
0.23561944901923448	0.7290102619637512	0.16304450784814747
0.2399827721492203	0.7202008482455691	0.16586061062290436
0.24434609527920614	0.7579161327701966	0.1686952769687362
0.24870941840919195	0.7383211302786956	0.1715479583010629
0.2530727415391778	0.7747816464529368	0.17441810603530447
0.2574360646691636	0.7572979699857209	0.17730517158688058
0.2617993877991494	0.785347265928896	0.18020860637121128
0.26616271092913524	0.7843057816712088	0.18312786180371643
0.27052603405912107	0.7888934611755889	0.1860623892998159
0.2748893571891069	0.7979734857481965	0.18901160459756855
0.2792526803190927	0.8066557089082608	0.19197478072558932
0.28361600344907856	0.8150199102635165	0.19495115503513213
0.2879793265790644	0.8231458694216988	0.19793996487745086
0.2923426497090502	0.8311133659905421	0.20094044760379945
0.296705972839036	0.8389909332279948	0.2039518405654317
0.3010692959690218	0.8468021189928574	0.20697338111360158
0.30543261909900765	0.8545592247941438	0.21000430659956307
0.3097959422289935	0.8622745521408671	0.21304385437456994
0.3141592653589793	0.8699604025420413	0.2160912617898762
0.31852258848896514	0.8776261228592632	0.21914576619673565
0.32288591161895097	0.8852692413644628	0.22220660494640232
0.3272492347489368	0.8928843316821533	0.22527301539012995
0.33161255787892263	0.9004659674368477	0.2283442348791726
0.3359758810089084	0.908008722253059	0.23141950076478401
0.34033920413889424	0.9155071697553003	0.2344980503982183
0.34470252726888007	0.9229558835680851	0.23757912113072915
0.3490658503988659	0.9303494373159263	0.24066195031357068
0.3534291735288517	0.937682404623337	0.24374577529799668
0.35779249665883756	0.9449493591148304	0.24682983343526102
0.3621558197888234	0.9521557856447008	0.24991336207661763
0.3665191429188092	0.9593508139863668	0.2529955985733204
0.37088246604879505	0.9665944851430284	0.2560757802766233
0.3752457891787808	0.9739468401178859	0.25915314453778016
0.37960911230876665	0.9814679199141387	0.2622269287080449
0.3839724354387525	0.989164385602333	0.26529637013867147
0.3883357585687383	0.996829378522396	0.26836070618091373
0.39269908169872414	1.0042026600816008	0.2714191741860256
0.39706240482870997	1.0110239916872203	0.27447101150526104
0.4014257279586958	1.0170331347465287	0.2775154554898738
0.40578905108868163	1.0223317806146872	0.2805517434911179
0.41015237421866746	1.0284693404384138	0.28357911286024723
0.41451569734865323	1.0373571553123155	0.2865968009485156
0.41887902047863906	1.0420061432374095	0.2896040451071771
0.4232423436086249	1.0463479361458683	0.2926000826874854
0.4276056667386107	1.06285517068965	0.29558415104069463
0.43196898986859655	0.7985812944015954	0.2985554875180586
0.4363323129985824	0.7811825181119392	0.30151332947083115
0.4406956361285682	0.7926610529899104	0.3044569142502663
0.44505895925855404	0.7988413528448827	0.3073854792076179
0.4494222823885399	0.8047106645029838	0.3103024486557742
0.45378560551852565	1.093401046888661	0.3132279947541617
0.4581489286485115	1.1058618997652339	0.31618647662384086
0.4625122517784973	0.8233812432422336	0.3192022533858726
0.46687557490848314	1.097457091501492	0.32229968416131755
0.47123889803846897	1.1253780353072478	0.3255031280712365
0.4756022211684548	1.133597055826665	0.32883694423669
0.4799655442984406	0.8248593767410857	0.3323254917787389
0.48432886742842646	0.8352137948495912	0.3359931298184439
0.4886921905584123	1.1402423134335533	0.33986421747686574
0.49305551368839806	1.1453481585582526	0.343963113875065
0.4974188368183839	0.8345577564126552	0.3483141781341026
0.5017821599483697	0.8244677379684637	0.35294176937503907
0.5061454830783556	0.851171725889794	0.3578702467189354
0.5105088062083414	0.8416232030552275	0.36312396928685187
0.5148721293383272	0.836661142155591	0.36872729619984956
0.519235452468313	0.8401911072929203	0.37470458657898925
0.5235987755982988	0.8468853104220538	0.38108019954533134
0.5279620987282847	0.8522822955636844	0.3878784942199367
0.5323254218582705	0.8553859350019204	0.39512382972386595
0.5366887449882564	0.8563199407882925	0.4026168589852865
0.5410520681182421	0.8562220557806016	0.4092634101607893
0.545415391248228	0.856483530538215	0.41374560521407316
0.5497787143782138	0.8584956156205008	0.4147455661088354
0.5541420375081996	0.8636495615868267	0.41094541480877456
0.5585053606381855	0.8510623927880359	0.4018990979893133
0.5628686837681712	0.8734080848097842	0.39064786117277417
0.5672320068981571	1.230375640969567	0.3811047745932039
0.5715953300281429	1.243382905111075	0.3771829084846501
0.5759586531581288	1.2502189082771293	0.3827953330811599
0.5803219762881145	1.2506492533259403	0.39997158542282046
0.5846852994181004	0.8760858935163878	0.4232070697738796
0.5890486225480862	0.8650030581251389	0.4451136572046246
0.593411945678072	0.8773126619593915	0.4583032187853433
0.5977752688080579	0.8685295109820393	0.45538762558632356
0.6021385919380436	0.8840678882544665	0.43313123787046875
0.6065019150680295	1.2706323519437084	0.40490837267114355
0.6108652381980153	1.2831168817087786	0.38824583621433023
0.6152285613280012	1.2885903138152315	0.39573458378211146
0.619591884457987	1.2859058226088413	0.42022216688097874
0.6239552075879728	0.8872323963117885	0.4504017530699239
0.6283185307179586	0.8627889671606952	0.47809237789352305
0.6326818538479444	0.8861122015035664	0.4958945438927512
0.6370451769779303	0.885999063579668	0.499501788964176
0.6414085001079161	0.8845761952035078	0.49697979242673546
0.6457718232379019	0.8830795374203669	0.4973446585670509
0.6501351463678877	0.8817533999496012	0.5010420501201015
0.6544984694978736	0.8805941846790863	0.5063750194329566
0.6588617926278594	0.8795982934966977	0.5116466188526848
0.6632251157578453	0.8787621282903106	0.5151599007263556
0.667588438887831	0.8781272128478966	0.5159219867163469
0.6719517620178168	0.8779155585578124	0.5157562757462725
0.6763150851478027	0.8783942987085116	0.5171902360550555
0.6806784082777885	0.8797032790722955	0.5227513358816188
0.6850417314077744	0.88147319535686	0.5349670434648858
0.6894050545377601	0.8840676683852599	0.5530549604041469
0.693768377667746	0.8886505957017994	0.5629932217401666
0.6981317007977318	0.8646242260267207	0.5474500958740762
0.7024950239277177	0.8851996579382887	0.4993168632414336
0.7068583470577035	1.3447172553032636	0.4523768524155083
0.7112216701876892	1.3477239066229243	0.4555109293729649
0.7155849933176751	0.8794213535539859	0.5296148203265447
0.7199483164476609	0.8633837818579175	0.560391824883112
0.7243116395776468	0.8800021773060224	0.5710861077214955
0.7286749627076325	0.8684137135819103	0.5770480640011096
0.7330382858376184	0.8650363090506055	0.5791864762028393
0.7374016089676042	0.8668413345934571	0.5784034585972926
0.7417649320975901	0.8679059064877648	0.5755994584025094
0.7461282552275759	0.8647858441182381	0.5716749228365294
0.7504915783575616	0.8639517792992272	0.5675302991173921
0.7983135998622063	1.1835088852207676	0.5599766819175319
0.8461356213668509	1.1028350911467928	0.6036988738489871
0.8939576428714955	1.012931257936068	0.6682468645948889
0.9417796643761401	0.9436853387991014	0.7290275300537915
0.9896016858807848	0.8628876580977575	0.7848752909859369
1.0374237073854293	0.7830539445939497	0.8395401865221956
1.085245728890074	0.7060426109483968	0.8930071844142641
1.1330677503947186	0.6310477407965212	0.9443199845690439
1.1808897718993634	0.5572634177737436	0.9925222868934378
1.228711793404008	0.48388372551548603	1.0366577912943475
1.2765338149086525	0.4103936002835542	1.0758969354037657
1.3243558364132972	0.33744138884529035	1.1099171077540473
1.3721778579179418	0.2659662905944223	1.1385224346026368
1.4199998794225865	0.19690750492467649	1.161517042206979
1.467821900927231	0.13120423122978062	1.1787050568245188
1.5156439224318756	0.06977257959468071	1.1898906047127005
1.5634659439365204	0.01343630286920012	1.1948778121289698
1.611287965441165	-0.03700393540561772	1.1934708053307712
1.6591099869458097	-0.0817423129062754	1.185473710575549
1.7069320084504542	-0.12495237217945428	1.1706906541207487
1.7547540299550988	-0.17080815059783622	1.1490628156502802
1.8025760514597435	-0.21950629996792168	1.1210795885539115
1.850398072964388	-0.2702491257046652	1.0873674196478782
1.8982200944690328	-0.32223893322302233	1.0485527557484138
1.9460421159736774	-0.37467802793794747	1.0052620436717528
1.993864137478322	-0.4269665409149874	0.9581217302341292
2.0416861589829667	-0.4792959058220539	0.9077582622517771
2.0895081804876114	-0.5320553819776497	0.8547980865409305
2.1373302019922558	-0.5856342287002771	0.7998676499178247
2.1851522234969005	-0.6404217053084404	0.7435933991986927
2.2329742450015453	-0.6965638667509878	0.6864781477437539
2.2807962665061896	-0.7532339504981499	0.6285301750891691
2.3286182880108344	-0.8093619896505065	0.5696341273150816
2.376440309515479	-0.8720696379100661	0.5096746505016372
2.4242623310201235	-0.935229989596848	0.4485363907289809
2.472084352524768	-0.8886218463599326	0.3863983179710791
2.519906374029413	-0.8250085697478037	0.32461669777718977
2.5677283955340577	-0.761757063837111	0.2648421195903927
2.615550417038702	-0.698074123444802	0.20872517285376846
2.663372438543347	-0.6346316022986187	0.1579164470103956
2.7111944600479916	-0.5712081280369803	0.11377217099072182
2.759016481552636	-0.5077633089874081	0.07647113167466336
2.8068385030572807	-0.4443019986496965	0.04589775542950258
2.8546605245619254	-0.3808290505236421	0.021936468622522933
2.9024825460665697	-0.3173493181090413	0.004471697621007641
2.9503045675712145	-0.2538676549056887	-0.006612131207760547
2.9981265890758593	-0.1903889144133808	-0.011430591496498353
3.045948610580504	-0.12691795013191343	-0.010099256877922704
3.0937706320851484	-0.06345961556108301	-0.0027337009847506182
3.141592653589793	-1.8764200684237703e-5	0.010550502550301126
